<?xml version="1.0" encoding="utf-8"?>
<COLLADA xmlns="http://www.collada.org/2005/11/COLLADASchema" version="1.4.1">
<asset>
	<contributor>
		<author>Anonymous</author>
		<authoring_tool>Collada Exporter for Blender 2.6+, by Juan Linietsky (juan@codenix.com)</authoring_tool>
	</contributor>
	<created>2018-12-03T18:57:41Z</created>
	<modified>2018-12-03T18:57:41Z</modified>
	<unit meter="1.0" name="meter"/>
	<up_axis>Z_UP</up_axis>
</asset>
<library_animation_clips>
	<animation_clip name="Dancing" start="0.0" end="0.8333333333333333">
		<instance_animation url="#id-anim-27"/>
		<instance_animation url="#id-anim-28"/>
		<instance_animation url="#id-anim-29"/>
		<instance_animation url="#id-anim-30"/>
		<instance_animation url="#id-anim-31"/>
		<instance_animation url="#id-anim-32"/>
		<instance_animation url="#id-anim-33"/>
		<instance_animation url="#id-anim-34"/>
		<instance_animation url="#id-anim-35"/>
		<instance_animation url="#id-anim-36"/>
		<instance_animation url="#id-anim-37"/>
		<instance_animation url="#id-anim-38"/>
		<instance_animation url="#id-anim-39"/>
		<instance_animation url="#id-anim-40"/>
		<instance_animation url="#id-anim-41"/>
		<instance_animation url="#id-anim-42"/>
		<instance_animation url="#id-anim-43"/>
		<instance_animation url="#id-anim-44"/>
		<instance_animation url="#id-anim-45"/>
		<instance_animation url="#id-anim-46"/>
		<instance_animation url="#id-anim-47"/>
		<instance_animation url="#id-anim-48"/>
	</animation_clip>
</library_animation_clips>
<library_visual_scenes>
	<visual_scene id="id-scene-1" name="scene">
		<node id="Armature" name="Armature" type="NODE">
			<matrix sid="transform"> 1.0 0.0 0.0 0.0 0.0 1.0 0.0 0.0 0.0 0.0 1.0 3.8995299339294434 0.0 0.0 0.0 1.0  </matrix>
			<node id="id-bone-3" sid="id-skelbones-2-0" name="Lower Spine" type="JOINT">
				<matrix sid="transform"> 1.0 0.0 0.0 0.0 0.0 0.012120729312300682 -0.9999265670776367 0.28572526574134827 0.0 0.9999265670776367 0.012120664119720459 0.028572529554367065 0.0 0.0 0.0 1.0  </matrix>
				<node id="id-bone-4" sid="id-skelbones-2-1" name="Mid " type="JOINT">
					<matrix sid="transform"> 1.0 0.0 0.0 0.0 0.0 0.9999831914901733 0.00581424031406641 1.178665041923523 0.0 -0.0058142393827438354 0.9999831318855286 -1.862645149230957e-08 0.0 0.0 0.0 1.0  </matrix>
					<node id="id-bone-5" sid="id-skelbones-2-2" name="Head" type="JOINT">
						<matrix sid="transform"> 1.0 0.0 0.0 0.0 0.0 0.9841206073760986 -0.17750172317028046 1.5931744575500488 0.0 0.17750172317028046 0.9841204881668091 2.60770320892334e-08 0.0 0.0 0.0 1.0  </matrix>
					</node>
				</node>
				<node id="id-bone-6" sid="id-skelbones-2-3" name="Arm.L" type="JOINT">
					<matrix sid="transform"> 0.9664567708969116 0.17464026808738708 0.18835267424583435 0.7038024663925171 0.18622438609600067 -0.9814531803131104 -0.0455147884786129 2.229010581970215 0.17690539360046387 0.07906367629766464 -0.9810477495193481 -0.035243745893239975 0.0 0.0 0.0 1.0  </matrix>
					<node id="id-bone-7" sid="id-skelbones-2-4" name="Midarm.L" type="JOINT">
						<matrix sid="transform"> 0.971217691898346 -0.1488552689552307 -0.18595267832279205 1.0803341865539551e-07 0.16145570576190948 0.9853752255439758 0.05447830259799957 1.4132834672927856 0.17512376606464386 -0.08293341100215912 0.9810472726821899 2.9802322387695312e-08 0.0 0.0 0.0 1.0  </matrix>
						<node id="id-bone-8" sid="id-skelbones-2-5" name="Hand.L" type="JOINT">
							<matrix sid="transform"> 0.9880596995353699 -0.11020957678556442 -0.10766594856977463 1.4959368854761124e-08 0.09287402033805847 0.9836119413375854 -0.15453720092773438 1.133530855178833 0.12293300777673721 0.14269259572029114 0.9821028709411621 -9.313225746154785e-09 0.0 0.0 0.0 1.0  </matrix>
						</node>
					</node>
				</node>
				<node id="id-bone-9" sid="id-skelbones-2-6" name="Arm.R" type="JOINT">
					<matrix sid="transform"> 0.9664560556411743 -0.1746402382850647 -0.1883525848388672 -0.7035356760025024 -0.18622413277626038 -0.9814531803131104 -0.04551482945680618 2.229010581970215 -0.1769057810306549 0.07906364649534225 -0.981047511100769 -0.035243745893239975 0.0 0.0 0.0 1.0  </matrix>
					<node id="id-bone-10" sid="id-skelbones-2-7" name="Midarm.R" type="JOINT">
						<matrix sid="transform"> 0.9712175726890564 0.1488552838563919 0.18595263361930847 1.1175870895385742e-08 -0.16145573556423187 0.985375165939331 0.054478392004966736 1.4132835865020752 -0.1751236766576767 -0.08293350040912628 0.9810472726821899 1.4901161193847656e-08 0.0 0.0 0.0 1.0  </matrix>
						<node id="id-bone-11" sid="id-skelbones-2-8" name="Hand.R" type="JOINT">
							<matrix sid="transform"> 0.9880596399307251 0.1102098599076271 0.10766617953777313 7.508788257837296e-09 -0.09287425130605698 0.983612060546875 -0.15453724563121796 1.133530855178833 -0.1229332685470581 0.14269258081912994 0.9821029901504517 9.313225746154785e-10 0.0 0.0 0.0 1.0  </matrix>
						</node>
					</node>
				</node>
				<node id="id-bone-12" sid="id-skelbones-2-9" name="Legs.L" type="JOINT">
					<matrix sid="transform"> 0.9998072385787964 0.013231633231043816 0.013694137334823608 0.3418784439563751 0.013533324934542179 -0.9996625781059265 -0.022168897092342377 -0.011180160567164421 0.01343309972435236 0.02234996110200882 -0.9996294975280762 0.0032887188717722893 0.0 0.0 0.0 1.0  </matrix>
					<node id="id-bone-13" sid="id-skelbones-2-10" name="lowerLegs.L" type="JOINT">
						<matrix sid="transform"> 0.9999704360961914 -0.0056036063469946384 -0.005278447177261114 1.210719347000122e-08 0.0054585873149335384 0.9996179938316345 -0.02709890902042389 1.8728481531143188 0.005428282078355551 0.027069296687841415 0.9996188282966614 -1.0710209608078003e-08 0.0 0.0 0.0 1.0  </matrix>
						<node id="id-bone-14" sid="id-skelbones-2-11" name="feet.L" type="JOINT">
							<matrix sid="transform"> 0.9672991633415222 -0.011577419936656952 -0.2533740699291229 2.5494955480098724e-08 0.2521008253097534 0.15371334552764893 0.9554148316383362 1.8927260637283325 0.027885733172297478 -0.9880476593971252 0.15160544216632843 -9.313225746154785e-09 0.0 0.0 0.0 1.0  </matrix>
						</node>
					</node>
				</node>
				<node id="id-bone-15" sid="id-skelbones-2-12" name="Legs.R" type="JOINT">
					<matrix sid="transform"> 0.9998077154159546 -0.013231649994850159 -0.013694167137145996 -0.3416116237640381 -0.013533340767025948 -0.9996625781059265 -0.02216888777911663 -0.011180160567164421 -0.013432086445391178 0.02234996110200882 -0.9996305108070374 0.0032887188717722893 0.0 0.0 0.0 1.0  </matrix>
					<node id="id-bone-16" sid="id-skelbones-2-13" name="lowerLegs.R" type="JOINT">
						<matrix sid="transform"> 0.9999703764915466 0.005603633355349302 0.005278479307889938 -2.1420419216156006e-08 -0.005458613857626915 0.9996179938316345 -0.02709888108074665 1.8728481531143188 -0.005428314674645662 0.027069268748164177 0.9996187686920166 -2.9336661100387573e-08 0.0 0.0 0.0 1.0  </matrix>
						<node id="id-bone-17" sid="id-skelbones-2-14" name="feet.R" type="JOINT">
							<matrix sid="transform"> 0.9672990441322327 0.011577434837818146 0.2533745765686035 2.7008354663848877e-08 -0.2521013617515564 0.1537138819694519 0.9554146528244019 1.892726182937622 -0.027885932475328445 -0.9880475997924805 0.15160596370697021 -8.149072527885437e-09 0.0 0.0 0.0 1.0  </matrix>
						</node>
					</node>
				</node>
			</node>
			<node id="id-bone-18" sid="id-skelbones-2-15" name="Legs.L.pole" type="JOINT">
				<matrix sid="transform"> -1.0 0.0 0.0 0.3666592836380005 0.0 -1.0 0.0 -1.0272390842437744 0.0 0.0 1.0 -1.8541381359100342 0.0 0.0 0.0 1.0  </matrix>
			</node>
			<node id="id-bone-19" sid="id-skelbones-2-16" name="Bone.L" type="JOINT">
				<matrix sid="transform"> 1.0 7.105427357601002e-15 -3.5773473427980207e-06 0.3741728961467743 6.097735649746028e-08 -0.9998546838760376 0.017047956585884094 0.23445317149162292 -3.576293238438666e-06 -0.017047956585884094 -1.0000040531158447 -3.9593703746795654 0.0 0.0 0.0 1.0  </matrix>
			</node>
			<node id="id-bone-20" sid="id-skelbones-2-17" name="Legs.R.pole" type="JOINT">
				<matrix sid="transform"> -1.0 0.0 0.0 -0.36639249324798584 0.0 -1.0 0.0 -1.0202012062072754 0.0 0.0 1.0 -1.8541381359100342 0.0 0.0 0.0 1.0  </matrix>
			</node>
			<node id="id-bone-21" sid="id-skelbones-2-18" name="Bone.R" type="JOINT">
				<matrix sid="transform"> 1.0 0.0 1.765916749718599e-05 -0.3773573935031891 -4.805361868420732e-07 -0.9996294379234314 0.02722419612109661 0.22520121932029724 1.7644528270466253e-05 -0.02722419612109661 -1.0000882148742676 -3.9594483375549316 0.0 0.0 0.0 1.0  </matrix>
			</node>
			<node id="id-bone-22" sid="id-skelbones-2-19" name="Arm.L.pole" type="JOINT">
				<matrix sid="transform"> -1.0 0.0 7.065803856676212e-06 0.9506186246871948 1.8586032979328593e-07 -0.9996539950370789 0.02631167694926262 -1.1128203868865967 7.06268929206999e-06 0.026306694373488426 0.9997485876083374 0.8713773488998413 0.0 0.0 0.0 1.0  </matrix>
			</node>
			<node id="id-bone-23" sid="id-skelbones-2-20" name="Bone.arm.L" type="JOINT">
				<matrix sid="transform"> 1.0 0.0 2.1256144464132376e-05 0.925452709197998 -4.2008633727164124e-07 -0.9998044371604919 0.019780226051807404 0.365373432636261 2.1233538063825108e-05 -0.019780226051807404 -1.0006732940673828 -0.7491858601570129 0.0 0.0 0.0 1.0  </matrix>
				<node id="id-bone-24" sid="id-skelbones-2-21" name="Midarm.L.target" type="JOINT">
					<matrix sid="transform"> 1.0 -4.188307798358437e-07 2.1254014427540824e-05 0.03946283459663391 1.29708210838686e-09 -0.999804675579071 -0.019763095304369926 0.30030104517936707 2.1241919966996647e-05 0.019763095304369926 -0.9990369081497192 -0.5046910643577576 0.0 0.0 0.0 1.0  </matrix>
				</node>
			</node>
			<node id="id-bone-25" sid="id-skelbones-2-22" name="Arm.R.pole" type="JOINT">
				<matrix sid="transform"> -1.0 0.0 7.067269507388119e-06 -0.9503518342971802 1.6705688210549852e-07 -0.999720573425293 0.023659536615014076 -1.1215605735778809 7.063159500830807e-06 0.023645253852009773 1.000022292137146 0.8713773488998413 0.0 0.0 0.0 1.0  </matrix>
			</node>
			<node id="id-bone-26" sid="id-skelbones-2-23" name="Bone.arm.R" type="JOINT">
				<matrix sid="transform"> 1.0 0.0 7.156711944844574e-06 -0.9601197242736816 -1.518581171922051e-07 -0.9997747540473938 0.021225139498710632 0.37017446756362915 7.153023034334183e-06 -0.021225139498710632 -1.0000650882720947 -0.7543883323669434 0.0 0.0 0.0 1.0  </matrix>
			</node>
		</node>
	</visual_scene>
</library_visual_scenes>
<library_animations>
	<animation id="id-anim-27">
		<source id="id-anim-27-input">
			<float_array id="id-anim-27-input-array" count="21"> 0.0 0.041666666666666664 0.08333333333333333 0.125 0.16666666666666666 0.20833333333333331 0.25 0.29166666666666663 0.3333333333333333 0.375 0.41666666666666663 0.4583333333333333 0.5 0.5416666666666666 0.5833333333333333 0.625 0.6666666666666666 0.7083333333333333 0.75 0.7916666666666666 0.8333333333333333</float_array>
			<technique_common>
				<accessor source="#id-anim-27-input-array" count="21" stride="1">
					<param name="TIME" type="float"/>
				</accessor>
			</technique_common>
		</source>
		<source id="id-anim-27-transform-output">
			<float_array id="id-anim-27-transform-output-array" count="336">  0.9688671231269836 0.18743537366390228 -0.16172032058238983 0.3418784439563751 0.09309538453817368 -0.881171703338623 -0.46352317929267883 -0.011180165223777294 -0.2292209416627884 0.4340468943119049 -0.8711152076721191 0.00328871700912714 0.0 0.0 0.0 1.0    0.9690649509429932 0.18558458983898163 -0.16266702115535736 0.34187841415405273 0.09217952191829681 -0.8836486339569092 -0.4589688181877136 -0.011180147528648376 -0.22875498235225677 0.4297857880592346 -0.8733473420143127 0.0032887416891753674 0.0 0.0 0.0 1.0    0.9696596264839172 0.17987245321273804 -0.16551409661769867 0.3418784737586975 0.08935032784938812 -0.8910961747169495 -0.4449150562286377 -0.011180213652551174 -0.22735388576984406 0.4166368544101715 -0.8800585269927979 0.0032887347042560577 0.0 0.0 0.0 1.0    0.9706271290779114 0.17006364464759827 -0.17014653980731964 0.3418784439563751 0.08448384702205658 -0.9032078981399536 -0.42079055309295654 -0.011180192232131958 -0.22507581114768982 0.39406487345695496 -0.8909720182418823 0.003288690932095051 0.0 0.0 0.0 1.0    0.971890926361084 0.1561094969511032 -0.1761987954378128 0.3418784439563751 0.07754486054182053 -0.9190225601196289 -0.38648802042007446 -0.011180136352777481 -0.22210204601287842 0.3619686961174011 -0.9052206873893738 0.003288723761215806 0.0 0.0 0.0 1.0    0.9733164310455322 0.13836154341697693 -0.1830270141363144 0.34187841415405273 0.0686962902545929 -0.9368564486503601 -0.3428876996040344 -0.011180154047906399 -0.21874937415122986 0.32117149233818054 -0.9212871193885803 0.003288714215159416 0.0 0.0 0.0 1.0    0.9747368097305298 0.11764150857925415 -0.18983161449432373 0.3418784439563751 0.05833819508552551 -0.9546260237693787 -0.29202619194984436 -0.011180172674357891 -0.21540947258472443 0.2735792398452759 -0.9372954368591309 0.0032887342385947704 0.0 0.0 0.0 1.0    0.9759901762008667 0.09527692943811417 -0.19583788514137268 0.3418784439563751 0.0471295565366745 -0.9703202247619629 -0.23717744648456573 -0.011180161498486996 -0.21245986223220825 0.22225652635097504 -0.9514356255531311 0.003288738429546356 0.0 0.0 0.0 1.0    0.9769454598426819 0.0734686553478241 -0.20041623711585999 0.3418784439563751 0.03617594391107559 -0.9823073148727417 -0.18374158442020416 -0.011180160567164421 -0.21020646393299103 0.17225703597068787 -0.9622399806976318 0.003288723761215806 0.0 0.0 0.0 1.0    0.9775331616401672 0.05578003451228142 -0.20323365926742554 0.3418784439563751 0.027276355773210526 -0.9897132515907288 -0.14043577015399933 -0.01118016242980957 -0.20881341397762299 0.1317376047372818 -0.9689200520515442 0.0032887461129575968 0.0 0.0 0.0 1.0    0.977728009223938 0.04847467318177223 -0.20416776835918427 0.3418784737586975 0.02359725348651409 -0.9921800494194031 -0.12255982309579849 -0.011180163361132145 -0.2083490639925003 0.1150122657418251 -0.9711469411849976 0.0032887111883610487 0.0 0.0 0.0 1.0    0.9775331616401672 0.05578003451228142 -0.20323365926742554 0.3418784439563751 0.027276355773210526 -0.9897132515907288 -0.14043577015399933 -0.01118016242980957 -0.20881341397762299 0.1317376047372818 -0.9689200520515442 0.003288746578618884 0.0 0.0 0.0 1.0    0.9769454598426819 0.0734686553478241 -0.20041623711585999 0.3418784439563751 0.03617594391107559 -0.9823073148727417 -0.18374158442020416 -0.011180160567164421 -0.21020646393299103 0.17225703597068787 -0.9622399806976318 0.0032887235283851624 0.0 0.0 0.0 1.0    0.9759901762008667 0.09527692943811417 -0.19583788514137268 0.3418784439563751 0.0471295565366745 -0.9703202247619629 -0.23717744648456573 -0.011180161498486996 -0.21245986223220825 0.22225652635097504 -0.9514356255531311 0.0032887374982237816 0.0 0.0 0.0 1.0    0.9747368097305298 0.11764150857925415 -0.18983161449432373 0.3418784439563751 0.05833819508552551 -0.9546260237693787 -0.29202619194984436 -0.011180172674357891 -0.21540947258472443 0.2735792398452759 -0.9372954368591309 0.0032887342385947704 0.0 0.0 0.0 1.0    0.9733164310455322 0.13836154341697693 -0.1830270141363144 0.34187841415405273 0.0686962902545929 -0.9368564486503601 -0.3428876996040344 -0.011180154047906399 -0.21874937415122986 0.32117149233818054 -0.9212871193885803 0.0032887139823287725 0.0 0.0 0.0 1.0    0.971890926361084 0.15610948204994202 -0.1761987805366516 0.3418784439563751 0.07754485309123993 -0.9190225601196289 -0.38648802042007446 -0.011180136352777481 -0.22210203111171722 0.3619686961174011 -0.9052206873893738 0.0032887232955545187 0.0 0.0 0.0 1.0    0.9706271290779114 0.17006364464759827 -0.17014653980731964 0.3418784439563751 0.08448384702205658 -0.9032078981399536 -0.42079055309295654 -0.011180192232131958 -0.22507581114768982 0.39406487345695496 -0.8909720182418823 0.003288690932095051 0.0 0.0 0.0 1.0    0.9696596264839172 0.17987245321273804 -0.16551409661769867 0.3418784737586975 0.08935032784938812 -0.8910961747169495 -0.4449150562286377 -0.011180213652551174 -0.22735388576984406 0.4166368544101715 -0.8800585269927979 0.003288733772933483 0.0 0.0 0.0 1.0    0.9690649509429932 0.18558458983898163 -0.16266702115535736 0.3418784439563751 0.09217952191829681 -0.8836486339569092 -0.4589688181877136 -0.011180147528648376 -0.22875498235225677 0.4297857880592346 -0.8733473420143127 0.0032887416891753674 0.0 0.0 0.0 1.0    0.9688671231269836 0.18743537366390228 -0.16172032058238983 0.3418784439563751 0.09309538453817368 -0.881171703338623 -0.46352317929267883 -0.011180165223777294 -0.2292209416627884 0.4340468943119049 -0.8711152076721191 0.00328871700912714 0.0 0.0 0.0 1.0  </float_array>
			<technique_common>
				<accessor source="#id-anim-27-transform-output-array" count="21" stride="16">
					<param name="TRANSFORM" type="float4x4"/>
				</accessor>
			</technique_common>
		</source>
		<source id="id-anim-27-interpolation-output">
			<Name_array id="id-anim-27-interpolation-output-array" count="21"> LINEAR LINEAR LINEAR LINEAR LINEAR LINEAR LINEAR LINEAR LINEAR LINEAR LINEAR LINEAR LINEAR LINEAR LINEAR LINEAR LINEAR LINEAR LINEAR LINEAR LINEAR</Name_array>
			<technique_common>
				<accessor source="#id-anim-27-interpolation-output-array" count="21" stride="1">
					<param name="INTERPOLATION" type="Name"/>
				</accessor>
			</technique_common>
		</source>
		<sampler id="id-anim-27-sampler">
			<input semantic="INPUT" source="#id-anim-27-input"/>
			<input semantic="OUTPUT" source="#id-anim-27-transform-output"/>
			<input semantic="INTERPOLATION" source="#id-anim-27-interpolation-output"/>
		</sampler>
		<channel source="#id-anim-27-sampler" target="id-bone-12/transform"/>
	</animation>
	<animation id="id-anim-28">
		<source id="id-anim-28-input">
			<float_array id="id-anim-28-input-array" count="21"> 0.0 0.041666666666666664 0.08333333333333333 0.125 0.16666666666666666 0.20833333333333331 0.25 0.29166666666666663 0.3333333333333333 0.375 0.41666666666666663 0.4583333333333333 0.5 0.5416666666666666 0.5833333333333333 0.625 0.6666666666666666 0.7083333333333333 0.75 0.7916666666666666 0.8333333333333333</float_array>
			<technique_common>
				<accessor source="#id-anim-28-input-array" count="21" stride="1">
					<param name="TIME" type="float"/>
				</accessor>
			</technique_common>
		</source>
		<source id="id-anim-28-transform-output">
			<float_array id="id-anim-28-transform-output-array" count="336">  0.9672991037368774 -0.01157742366194725 -0.25337404012680054 -4.470348358154297e-08 0.2521008849143982 0.15371334552764893 0.9554148316383362 1.8927264213562012 0.027885720133781433 -0.98804771900177 0.1516055017709732 3.725290298461914e-08 0.0 0.0 0.0 1.0    0.9672991037368774 -0.011577419936656952 -0.25337404012680054 1.1175870895385742e-08 0.2521008551120758 0.15371331572532654 0.9554147720336914 1.8927263021469116 0.027885735034942627 -0.9880476593971252 0.15160544216632843 3.3527612686157227e-07 0.0 0.0 0.0 1.0    0.9672989845275879 -0.011577442288398743 -0.25337401032447815 -5.587935447692871e-08 0.2521008253097534 0.15371333062648773 0.9554147720336914 1.8927263021469116 0.027885735034942627 -0.98804771900177 0.15160545706748962 3.725290298461914e-08 0.0 0.0 0.0 1.0    0.9672990441322327 -0.01157740131020546 -0.25337404012680054 4.842877388000488e-08 0.2521008253097534 0.1537133753299713 0.9554147720336914 1.8927264213562012 0.027885720133781433 -0.9880476593971252 0.15160542726516724 -8.940696716308594e-08 0.0 0.0 0.0 1.0    0.9672990441322327 -0.011577390134334564 -0.25337404012680054 5.587935447692871e-08 0.25210079550743103 0.15371331572532654 0.9554147124290466 1.892726182937622 0.027885720133781433 -0.9880475401878357 0.15160545706748962 8.195638656616211e-08 0.0 0.0 0.0 1.0    0.9672991037368774 -0.011577412486076355 -0.25337404012680054 -1.4901161193847656e-08 0.2521008253097534 0.1537133753299713 0.9554148316383362 1.8927264213562012 0.02788574993610382 -0.9880475997924805 0.15160542726516724 1.6391277313232422e-07 0.0 0.0 0.0 1.0    0.9672991037368774 -0.011577419936656952 -0.25337404012680054 -3.725290298461914e-09 0.2521008253097534 0.15371333062648773 0.9554147124290466 1.892726182937622 0.027885697782039642 -0.9880475401878357 0.15160545706748962 7.450580596923828e-08 0.0 0.0 0.0 1.0    0.9672990441322327 -0.011577416211366653 -0.25337401032447815 3.725290298461914e-09 0.2521008551120758 0.15371334552764893 0.9554147720336914 1.8927264213562012 0.027885742485523224 -0.98804771900177 0.15160539746284485 -1.043081283569336e-07 0.0 0.0 0.0 1.0    0.9672991037368774 -0.011577432043850422 -0.25337401032447815 -2.60770320892334e-08 0.2521008253097534 0.15371336042881012 0.9554147720336914 1.8927263021469116 0.027885720133781433 -0.9880475997924805 0.15160542726516724 -1.4901161193847656e-08 0.0 0.0 0.0 1.0    0.9672991037368774 -0.01157741341739893 -0.2533740699291229 -3.725290298461914e-09 0.2521008253097534 0.15371331572532654 0.9554147124290466 1.8927260637283325 0.02788573130965233 -0.9880476593971252 0.15160544216632843 -2.2351741790771484e-08 0.0 0.0 0.0 1.0    0.967299222946167 -0.011577436700463295 -0.25337404012680054 -3.725290298461914e-09 0.25210079550743103 0.15371336042881012 0.9554147720336914 1.8927260637283325 0.027885720133781433 -0.9880476593971252 0.15160542726516724 2.9802322387695312e-08 0.0 0.0 0.0 1.0    0.9672991037368774 -0.01157741341739893 -0.2533740699291229 5.587935447692871e-08 0.2521008253097534 0.15371331572532654 0.9554147124290466 1.892726182937622 0.02788573130965233 -0.9880476593971252 0.15160544216632843 -2.2351741790771484e-08 0.0 0.0 0.0 1.0    0.9672991037368774 -0.011577432043850422 -0.25337401032447815 -2.60770320892334e-08 0.2521008253097534 0.15371336042881012 0.9554147720336914 1.8927263021469116 0.027885720133781433 -0.9880475997924805 0.15160542726516724 -1.4901161193847656e-08 0.0 0.0 0.0 1.0    0.9672990441322327 -0.011577416211366653 -0.25337401032447815 0.0 0.2521008551120758 0.15371334552764893 0.9554147720336914 1.8927263021469116 0.027885742485523224 -0.98804771900177 0.15160539746284485 -1.4901161193847656e-08 0.0 0.0 0.0 1.0    0.9672991037368774 -0.011577419936656952 -0.25337404012680054 -1.862645149230957e-08 0.2521008253097534 0.15371333062648773 0.9554147124290466 1.8927260637283325 0.027885697782039642 -0.9880475401878357 0.15160545706748962 1.4156103134155273e-07 0.0 0.0 0.0 1.0    0.9672991037368774 -0.011577412486076355 -0.25337404012680054 -1.4901161193847656e-08 0.2521008253097534 0.1537133753299713 0.9554148316383362 1.8927264213562012 0.02788574993610382 -0.9880475997924805 0.15160542726516724 1.6391277313232422e-07 0.0 0.0 0.0 1.0    0.9672991037368774 -0.011577397584915161 -0.25337401032447815 1.1175870895385742e-08 0.2521008253097534 0.15371331572532654 0.9554147124290466 1.8927260637283325 0.027885712683200836 -0.9880475997924805 0.15160545706748962 -1.862645149230957e-07 0.0 0.0 0.0 1.0    0.9672990441322327 -0.01157740131020546 -0.25337404012680054 4.842877388000488e-08 0.2521008253097534 0.1537133753299713 0.9554147720336914 1.8927264213562012 0.027885720133781433 -0.9880476593971252 0.15160542726516724 -8.940696716308594e-08 0.0 0.0 0.0 1.0    0.9672989845275879 -0.011577442288398743 -0.25337401032447815 -5.587935447692871e-08 0.2521008253097534 0.15371333062648773 0.9554147720336914 1.8927263021469116 0.027885735034942627 -0.98804771900177 0.15160545706748962 5.21540641784668e-08 0.0 0.0 0.0 1.0    0.9672991037368774 -0.011577419936656952 -0.25337404012680054 1.1175870895385742e-08 0.2521008551120758 0.15371331572532654 0.9554147720336914 1.8927263021469116 0.027885735034942627 -0.9880476593971252 0.15160544216632843 3.3527612686157227e-07 0.0 0.0 0.0 1.0    0.9672991037368774 -0.01157742366194725 -0.25337404012680054 -4.470348358154297e-08 0.2521008849143982 0.15371334552764893 0.9554148316383362 1.8927264213562012 0.027885720133781433 -0.98804771900177 0.1516055017709732 3.725290298461914e-08 0.0 0.0 0.0 1.0  </float_array>
			<technique_common>
				<accessor source="#id-anim-28-transform-output-array" count="21" stride="16">
					<param name="TRANSFORM" type="float4x4"/>
				</accessor>
			</technique_common>
		</source>
		<source id="id-anim-28-interpolation-output">
			<Name_array id="id-anim-28-interpolation-output-array" count="21"> LINEAR LINEAR LINEAR LINEAR LINEAR LINEAR LINEAR LINEAR LINEAR LINEAR LINEAR LINEAR LINEAR LINEAR LINEAR LINEAR LINEAR LINEAR LINEAR LINEAR LINEAR</Name_array>
			<technique_common>
				<accessor source="#id-anim-28-interpolation-output-array" count="21" stride="1">
					<param name="INTERPOLATION" type="Name"/>
				</accessor>
			</technique_common>
		</source>
		<sampler id="id-anim-28-sampler">
			<input semantic="INPUT" source="#id-anim-28-input"/>
			<input semantic="OUTPUT" source="#id-anim-28-transform-output"/>
			<input semantic="INTERPOLATION" source="#id-anim-28-interpolation-output"/>
		</sampler>
		<channel source="#id-anim-28-sampler" target="id-bone-14/transform"/>
	</animation>
	<animation id="id-anim-29">
		<source id="id-anim-29-input">
			<float_array id="id-anim-29-input-array" count="21"> 0.0 0.041666666666666664 0.08333333333333333 0.125 0.16666666666666666 0.20833333333333331 0.25 0.29166666666666663 0.3333333333333333 0.375 0.41666666666666663 0.4583333333333333 0.5 0.5416666666666666 0.5833333333333333 0.625 0.6666666666666666 0.7083333333333333 0.75 0.7916666666666666 0.8333333333333333</float_array>
			<technique_common>
				<accessor source="#id-anim-29-input-array" count="21" stride="1">
					<param name="TIME" type="float"/>
				</accessor>
			</technique_common>
		</source>
		<source id="id-anim-29-transform-output">
			<float_array id="id-anim-29-transform-output-array" count="336">  0.9880595207214355 0.11020983755588531 0.10766617208719254 -1.1874362826347351e-07 -0.09287422895431519 0.9836119413375854 -0.15453723073005676 1.1335309743881226 -0.12293326109647751 0.14269253611564636 0.9821029305458069 -3.166496753692627e-08 0.0 0.0 0.0 1.0    0.9880595207214355 0.1102098599076271 0.10766617953777313 -7.776543498039246e-08 -0.09287426620721817 0.9836119413375854 -0.15453723073005676 1.133530855178833 -0.1229332685470581 0.14269255101680756 0.9821029305458069 -1.3969838619232178e-08 0.0 0.0 0.0 1.0    0.9880595803260803 0.1102098748087883 0.10766619443893433 1.841108314692974e-07 -0.09287424385547638 0.983612060546875 -0.15453726053237915 1.1335309743881226 -0.1229332908987999 0.14269259572029114 0.9821030497550964 3.2225216273218393e-08 0.0 0.0 0.0 1.0    0.9880596399307251 0.11020989716053009 0.10766617208719254 -7.450580596923828e-09 -0.09287424385547638 0.9836121797561646 -0.15453726053237915 1.133531093597412 -0.1229332908987999 0.14269256591796875 0.9821029305458069 -2.0489096641540527e-08 0.0 0.0 0.0 1.0    0.9880595803260803 0.11020983755588531 0.10766618698835373 -1.1175870895385742e-07 -0.09287427365779877 0.9836121797561646 -0.15453729033470154 1.1335309743881226 -0.1229332983493805 0.14269255101680756 0.9821030497550964 -1.862645149230957e-08 0.0 0.0 0.0 1.0    0.9880595803260803 0.11020989716053009 0.10766617208719254 1.1175870895385742e-07 -0.09287430346012115 0.9836121201515198 -0.15453726053237915 1.133531093597412 -0.12293330579996109 0.14269259572029114 0.9821029901504517 -2.9802322387695312e-08 0.0 0.0 0.0 1.0    0.9880595207214355 0.11020985245704651 0.10766617208719254 8.940696716308594e-08 -0.09287425875663757 0.983612060546875 -0.154537171125412 1.1335309743881226 -0.12293325364589691 0.14269256591796875 0.9821029901504517 0.0 0.0 0.0 0.0 1.0    0.9880596399307251 0.11020980775356293 0.10766617953777313 5.21540641784668e-08 -0.09287424385547638 0.9836121201515198 -0.15453720092773438 1.1335309743881226 -0.12293333560228348 0.1426926553249359 0.9821030497550964 -2.9802322387695312e-08 0.0 0.0 0.0 1.0    0.9880595803260803 0.11020989716053009 0.10766620188951492 -9.96515154838562e-08 -0.09287425130605698 0.983612060546875 -0.15453721582889557 1.1335309743881226 -0.1229332685470581 0.14269253611564636 0.9821030497550964 0.0 0.0 0.0 0.0 1.0    0.9880595803260803 0.11020981520414352 0.10766612738370895 1.4528632164001465e-07 -0.09287423640489578 0.983612060546875 -0.15453730523586273 1.133531093597412 -0.1229332685470581 0.14269261062145233 0.9821029305458069 1.7881393432617188e-07 0.0 0.0 0.0 1.0    0.9880595803260803 0.1102098822593689 0.10766619443893433 -5.587935447692871e-08 -0.09287424385547638 0.9836121201515198 -0.15453724563121796 1.133530855178833 -0.12293324619531631 0.14269256591796875 0.9821029901504517 -8.940696716308594e-08 0.0 0.0 0.0 1.0    0.9880595207214355 0.1102098897099495 0.10766620934009552 -3.725290298461914e-08 -0.09287425875663757 0.9836120009422302 -0.15453723073005676 1.1335309743881226 -0.1229332834482193 0.14269262552261353 0.9821029305458069 -2.9802322387695312e-08 0.0 0.0 0.0 1.0    0.9880595803260803 0.11020989716053009 0.10766620188951492 -9.96515154838562e-08 -0.09287425130605698 0.983612060546875 -0.15453721582889557 1.1335309743881226 -0.1229332685470581 0.14269253611564636 0.9821030497550964 0.0 0.0 0.0 0.0 1.0    0.9880596399307251 0.11020983010530472 0.10766616463661194 -7.450580596923828e-08 -0.09287428855895996 0.983612060546875 -0.15453723073005676 1.133531093597412 -0.12293331325054169 0.14269255101680756 0.9821030497550964 -8.940696716308594e-08 0.0 0.0 0.0 1.0    0.9880595803260803 0.11020983755588531 0.10766617208719254 7.450580596923828e-08 -0.09287426620721817 0.9836121201515198 -0.15453721582889557 1.133531093597412 -0.12293325364589691 0.14269256591796875 0.9821030497550964 0.0 0.0 0.0 0.0 1.0    0.9880595803260803 0.11020989716053009 0.10766617208719254 1.1175870895385742e-07 -0.09287430346012115 0.9836121201515198 -0.15453726053237915 1.133531093597412 -0.12293330579996109 0.14269259572029114 0.9821029901504517 -2.9802322387695312e-08 0.0 0.0 0.0 1.0    0.9880595207214355 0.11020982265472412 0.10766616463661194 1.043081283569336e-07 -0.09287424385547638 0.9836121201515198 -0.15453727543354034 1.133530855178833 -0.1229332685470581 0.14269256591796875 0.9821029901504517 -5.960464477539063e-08 0.0 0.0 0.0 1.0    0.9880596399307251 0.11020992696285248 0.10766618698835373 -7.264316082000732e-08 -0.09287427365779877 0.9836121201515198 -0.15453726053237915 1.133530855178833 -0.1229332834482193 0.14269258081912994 0.9821029901504517 -2.7939677238464355e-08 0.0 0.0 0.0 1.0    0.9880595207214355 0.11020982265472412 0.10766616463661194 -3.637978807091713e-09 -0.09287431836128235 0.983612060546875 -0.15453726053237915 1.133530855178833 -0.1229332685470581 0.14269256591796875 0.9821029305458069 -1.6007106751203537e-09 0.0 0.0 0.0 1.0    0.9880596995353699 0.11020991206169128 0.10766620188951492 3.562308847904205e-08 -0.09287431091070175 0.9836121797561646 -0.15453727543354034 1.1335312128067017 -0.12293330579996109 0.14269256591796875 0.9821031093597412 2.7939677238464355e-09 0.0 0.0 0.0 1.0    0.9880595207214355 0.11020983755588531 0.10766617208719254 -1.1874362826347351e-07 -0.09287422895431519 0.9836119413375854 -0.15453723073005676 1.1335309743881226 -0.12293326109647751 0.14269253611564636 0.9821029305458069 -3.166496753692627e-08 0.0 0.0 0.0 1.0  </float_array>
			<technique_common>
				<accessor source="#id-anim-29-transform-output-array" count="21" stride="16">
					<param name="TRANSFORM" type="float4x4"/>
				</accessor>
			</technique_common>
		</source>
		<source id="id-anim-29-interpolation-output">
			<Name_array id="id-anim-29-interpolation-output-array" count="21"> LINEAR LINEAR LINEAR LINEAR LINEAR LINEAR LINEAR LINEAR LINEAR LINEAR LINEAR LINEAR LINEAR LINEAR LINEAR LINEAR LINEAR LINEAR LINEAR LINEAR LINEAR</Name_array>
			<technique_common>
				<accessor source="#id-anim-29-interpolation-output-array" count="21" stride="1">
					<param name="INTERPOLATION" type="Name"/>
				</accessor>
			</technique_common>
		</source>
		<sampler id="id-anim-29-sampler">
			<input semantic="INPUT" source="#id-anim-29-input"/>
			<input semantic="OUTPUT" source="#id-anim-29-transform-output"/>
			<input semantic="INTERPOLATION" source="#id-anim-29-interpolation-output"/>
		</sampler>
		<channel source="#id-anim-29-sampler" target="id-bone-11/transform"/>
	</animation>
	<animation id="id-anim-30">
		<source id="id-anim-30-input">
			<float_array id="id-anim-30-input-array" count="21"> 0.0 0.041666666666666664 0.08333333333333333 0.125 0.16666666666666666 0.20833333333333331 0.25 0.29166666666666663 0.3333333333333333 0.375 0.41666666666666663 0.4583333333333333 0.5 0.5416666666666666 0.5833333333333333 0.625 0.6666666666666666 0.7083333333333333 0.75 0.7916666666666666 0.8333333333333333</float_array>
			<technique_common>
				<accessor source="#id-anim-30-input-array" count="21" stride="1">
					<param name="TIME" type="float"/>
				</accessor>
			</technique_common>
		</source>
		<source id="id-anim-30-transform-output">
			<float_array id="id-anim-30-transform-output-array" count="336">  1.0 0.0 1.765916749718599e-05 -0.3773573935031891 -4.805361868420732e-07 -0.9996294379234314 0.02722419612109661 0.22520121932029724 1.7644528270466253e-05 -0.02722419612109661 -1.0000882148742676 -3.9594483375549316 0.0 0.0 0.0 1.0    1.0 0.0 1.765916749718599e-05 -0.3773573935031891 -4.805361868420732e-07 -0.9996294379234314 0.02722419612109661 0.22520121932029724 1.7644528270466253e-05 -0.02722419612109661 -1.0000882148742676 -3.9594483375549316 0.0 0.0 0.0 1.0    1.0 0.0 1.765916749718599e-05 -0.3773573935031891 -4.805361868420732e-07 -0.9996294379234314 0.02722419612109661 0.22520121932029724 1.7644528270466253e-05 -0.02722419612109661 -1.0000882148742676 -3.9594483375549316 0.0 0.0 0.0 1.0    1.0 0.0 1.765916749718599e-05 -0.3773573935031891 -4.805361868420732e-07 -0.9996294379234314 0.02722419612109661 0.22520121932029724 1.7644528270466253e-05 -0.02722419612109661 -1.0000882148742676 -3.9594483375549316 0.0 0.0 0.0 1.0    1.0 0.0 1.765916749718599e-05 -0.3773573935031891 -4.805361868420732e-07 -0.9996294379234314 0.02722419612109661 0.22520121932029724 1.7644528270466253e-05 -0.02722419612109661 -1.0000882148742676 -3.9594483375549316 0.0 0.0 0.0 1.0    1.0 0.0 1.765916749718599e-05 -0.3773573935031891 -4.805361868420732e-07 -0.9996294379234314 0.02722419612109661 0.22520121932029724 1.7644528270466253e-05 -0.02722419612109661 -1.0000882148742676 -3.9594483375549316 0.0 0.0 0.0 1.0    1.0 0.0 1.765916749718599e-05 -0.3773573935031891 -4.805361868420732e-07 -0.9996294379234314 0.02722419612109661 0.22520121932029724 1.7644528270466253e-05 -0.02722419612109661 -1.0000882148742676 -3.9594483375549316 0.0 0.0 0.0 1.0    1.0 0.0 1.765916749718599e-05 -0.3773573935031891 -4.805361868420732e-07 -0.9996294379234314 0.02722419612109661 0.22520121932029724 1.7644528270466253e-05 -0.02722419612109661 -1.0000882148742676 -3.9594483375549316 0.0 0.0 0.0 1.0    1.0 0.0 1.765916749718599e-05 -0.3773573935031891 -4.805361868420732e-07 -0.9996294379234314 0.02722419612109661 0.22520121932029724 1.7644528270466253e-05 -0.02722419612109661 -1.0000882148742676 -3.9594483375549316 0.0 0.0 0.0 1.0    1.0 0.0 1.765916749718599e-05 -0.3773573935031891 -4.805361868420732e-07 -0.9996294379234314 0.02722419612109661 0.22520121932029724 1.7644528270466253e-05 -0.02722419612109661 -1.0000882148742676 -3.9594483375549316 0.0 0.0 0.0 1.0    1.0 0.0 1.765916749718599e-05 -0.3773573935031891 -4.805361868420732e-07 -0.9996294379234314 0.02722419612109661 0.22520121932029724 1.7644528270466253e-05 -0.02722419612109661 -1.0000882148742676 -3.9594483375549316 0.0 0.0 0.0 1.0    1.0 0.0 1.765916749718599e-05 -0.3773573935031891 -4.805361868420732e-07 -0.9996294379234314 0.02722419612109661 0.22520121932029724 1.7644528270466253e-05 -0.02722419612109661 -1.0000882148742676 -3.9594483375549316 0.0 0.0 0.0 1.0    1.0 0.0 1.765916749718599e-05 -0.3773573935031891 -4.805361868420732e-07 -0.9996294379234314 0.02722419612109661 0.22520121932029724 1.7644528270466253e-05 -0.02722419612109661 -1.0000882148742676 -3.9594483375549316 0.0 0.0 0.0 1.0    1.0 0.0 1.765916749718599e-05 -0.3773573935031891 -4.805361868420732e-07 -0.9996294379234314 0.02722419612109661 0.22520121932029724 1.7644528270466253e-05 -0.02722419612109661 -1.0000882148742676 -3.9594483375549316 0.0 0.0 0.0 1.0    1.0 0.0 1.765916749718599e-05 -0.3773573935031891 -4.805361868420732e-07 -0.9996294379234314 0.02722419612109661 0.22520121932029724 1.7644528270466253e-05 -0.02722419612109661 -1.0000882148742676 -3.9594483375549316 0.0 0.0 0.0 1.0    1.0 0.0 1.765916749718599e-05 -0.3773573935031891 -4.805361868420732e-07 -0.9996294379234314 0.02722419612109661 0.22520121932029724 1.7644528270466253e-05 -0.02722419612109661 -1.0000882148742676 -3.9594483375549316 0.0 0.0 0.0 1.0    1.0 0.0 1.765916749718599e-05 -0.3773573935031891 -4.805361868420732e-07 -0.9996294379234314 0.02722419612109661 0.22520121932029724 1.7644528270466253e-05 -0.02722419612109661 -1.0000882148742676 -3.9594483375549316 0.0 0.0 0.0 1.0    1.0 0.0 1.765916749718599e-05 -0.3773573935031891 -4.805361868420732e-07 -0.9996294379234314 0.02722419612109661 0.22520121932029724 1.7644528270466253e-05 -0.02722419612109661 -1.0000882148742676 -3.9594483375549316 0.0 0.0 0.0 1.0    1.0 0.0 1.765916749718599e-05 -0.3773573935031891 -4.805361868420732e-07 -0.9996294379234314 0.02722419612109661 0.22520121932029724 1.7644528270466253e-05 -0.02722419612109661 -1.0000882148742676 -3.9594483375549316 0.0 0.0 0.0 1.0    1.0 0.0 1.765916749718599e-05 -0.3773573935031891 -4.805361868420732e-07 -0.9996294379234314 0.02722419612109661 0.22520121932029724 1.7644528270466253e-05 -0.02722419612109661 -1.0000882148742676 -3.9594483375549316 0.0 0.0 0.0 1.0    1.0 0.0 1.765916749718599e-05 -0.3773573935031891 -4.805361868420732e-07 -0.9996294379234314 0.02722419612109661 0.22520121932029724 1.7644528270466253e-05 -0.02722419612109661 -1.0000882148742676 -3.9594483375549316 0.0 0.0 0.0 1.0  </float_array>
			<technique_common>
				<accessor source="#id-anim-30-transform-output-array" count="21" stride="16">
					<param name="TRANSFORM" type="float4x4"/>
				</accessor>
			</technique_common>
		</source>
		<source id="id-anim-30-interpolation-output">
			<Name_array id="id-anim-30-interpolation-output-array" count="21"> LINEAR LINEAR LINEAR LINEAR LINEAR LINEAR LINEAR LINEAR LINEAR LINEAR LINEAR LINEAR LINEAR LINEAR LINEAR LINEAR LINEAR LINEAR LINEAR LINEAR LINEAR</Name_array>
			<technique_common>
				<accessor source="#id-anim-30-interpolation-output-array" count="21" stride="1">
					<param name="INTERPOLATION" type="Name"/>
				</accessor>
			</technique_common>
		</source>
		<sampler id="id-anim-30-sampler">
			<input semantic="INPUT" source="#id-anim-30-input"/>
			<input semantic="OUTPUT" source="#id-anim-30-transform-output"/>
			<input semantic="INTERPOLATION" source="#id-anim-30-interpolation-output"/>
		</sampler>
		<channel source="#id-anim-30-sampler" target="id-bone-21/transform"/>
	</animation>
	<animation id="id-anim-31">
		<source id="id-anim-31-input">
			<float_array id="id-anim-31-input-array" count="21"> 0.0 0.041666666666666664 0.08333333333333333 0.125 0.16666666666666666 0.20833333333333331 0.25 0.29166666666666663 0.3333333333333333 0.375 0.41666666666666663 0.4583333333333333 0.5 0.5416666666666666 0.5833333333333333 0.625 0.6666666666666666 0.7083333333333333 0.75 0.7916666666666666 0.8333333333333333</float_array>
			<technique_common>
				<accessor source="#id-anim-31-input-array" count="21" stride="1">
					<param name="TIME" type="float"/>
				</accessor>
			</technique_common>
		</source>
		<source id="id-anim-31-transform-output">
